9.999999878928036989e-05
1.249999990686773838e-03
1.000000062398613207e-04
1.999999966472386370e-02
1.000000062398613207e-04
1.000000062398613207e-04
1.249999944120644413e-03
1.249999944120644413e-03
1.250000037252903262e-03
1.249999944120644413e-03
1.249999944120644413e-03
1.249999944120644413e-03
1.249999944120644413e-03
1.249999944120644413e-03
1.249999944120644413e-03
1.250000037252903262e-03
1.250000037252903262e-03
1.250000037252903262e-03
1.249999990686773838e-03
1.249999990686773838e-03
1.249999990686773838e-03
1.000000062398613207e-04
1.249999944120644413e-03
9.999999878928036989e-05
1.999999966472386370e-02
1.000000062398613207e-04
1.000000062398613207e-04
1.249999990686773838e-03
1.250000037252903262e-03
1.249999944120644413e-03
1.249999990686773838e-03
1.249999990686773838e-03
1.249999990686773838e-03
1.250000037252903262e-03
1.250000037252903262e-03
1.250000037252903262e-03
1.249999944120644413e-03
1.249999944120644413e-03
1.249999944120644413e-03
1.249999944120644413e-03
1.249999944120644413e-03
1.249999944120644413e-03
9.999999878928036989e-05
4.000000063329929058e-04
1.000000025145708453e-04
1.000000062398613207e-04
1.249999990686773838e-03
1.000000025145708453e-04
4.000000063329929058e-04
9.999999878928036989e-05
9.999999878928036989e-05
1.999999966472386370e-02
1.000000062398613207e-04
4.000000249594452828e-04
1.000000062398613207e-04
1.000000062398613207e-04
1.000000062398613207e-04
4.000000249594452828e-04
1.000000062398613207e-04
1.000000062398613207e-04
1.249999944120644413e-03
1.249999944120644413e-03
1.250000037252903262e-03
1.249999944120644413e-03
1.249999944120644413e-03
1.249999944120644413e-03
1.249999944120644413e-03
1.249999944120644413e-03
1.249999944120644413e-03
1.250000037252903262e-03
1.250000037252903262e-03
1.250000037252903262e-03
1.249999990686773838e-03
1.249999990686773838e-03
1.249999990686773838e-03
1.000000025145708453e-04
4.000000063329929058e-04
9.999999878928036989e-05
9.999999878928036989e-05
1.249999944120644413e-03
9.999999878928036989e-05
4.000000063329929058e-04
1.000000025145708453e-04
1.000000062398613207e-04
1.999999966472386370e-02
1.000000062398613207e-04
4.000000249594452828e-04
1.000000062398613207e-04
1.000000062398613207e-04
1.000000062398613207e-04
4.000000249594452828e-04
1.000000062398613207e-04
1.000000062398613207e-04
1.249999990686773838e-03
1.250000037252903262e-03
1.249999944120644413e-03
1.249999990686773838e-03
1.249999990686773838e-03
1.249999990686773838e-03
1.250000037252903262e-03
1.250000037252903262e-03
1.250000037252903262e-03
1.249999944120644413e-03
1.249999944120644413e-03
1.249999944120644413e-03
1.249999944120644413e-03
1.249999944120644413e-03
1.249999944120644413e-03
