4.000000100582833812e-05
1.999999966472386370e-02
3.999999355524738731e-05
4.000000100582833812e-05
3.999999355524738731e-05
2.000000283122055356e-04
1.999999910592964447e-04
1.999999910592964447e-04
1.999999910592964447e-04
2.000001400709328081e-04
1.999999910592964447e-04
1.999999910592964447e-04
2.000000655651146264e-04
2.000000283122055356e-04
2.000000469386600810e-04
1.999999910592964447e-04
1.999999538064012317e-04
1.999999538064012317e-04
1.999999538064012317e-04
1.999999538064012317e-04
1.999999538064012317e-04
1.999999538064012317e-04
1.999999538064012317e-04
1.999999538064012317e-04
1.999999910592964447e-04
1.999999538064012317e-04
1.999999538064012317e-04
1.999999538064012317e-04
1.999999538064012317e-04
1.999999538064012317e-04
1.999999538064012317e-04
1.999999538064012317e-04
1.999999538064012317e-04
1.999999910592964447e-04
1.999999538064012317e-04
1.999999538064012317e-04
1.999999538064012317e-04
1.999999538064012317e-04
1.999999538064012317e-04
1.999999538064012317e-04
1.999999538064012317e-04
1.999999538064012317e-04
2.000001400709328081e-04
2.000001028180098395e-04
2.000001028180098395e-04
2.000001028180098395e-04
2.000001028180098395e-04
2.000001028180098395e-04
2.000001028180098395e-04
2.000001028180098395e-04
2.000001028180098395e-04
1.999999910592964447e-04
1.999999538064012317e-04
1.999999538064012317e-04
1.999999538064012317e-04
1.999999538064012317e-04
1.999999538064012317e-04
1.999999538064012317e-04
1.999999538064012317e-04
1.999999538064012317e-04
1.999999910592964447e-04
1.999999538064012317e-04
1.999999538064012317e-04
1.999999538064012317e-04
1.999999538064012317e-04
1.999999538064012317e-04
1.999999538064012317e-04
1.999999538064012317e-04
1.999999538064012317e-04
2.000000655651146264e-04
2.000000283122055356e-04
2.000000283122055356e-04
2.000000283122055356e-04
2.000000283122055356e-04
2.000000283122055356e-04
2.000000283122055356e-04
2.000000283122055356e-04
2.000000283122055356e-04
2.000000283122055356e-04
1.999999910593033836e-04
1.999999910593033836e-04
1.999999910593033836e-04
1.999999910593033836e-04
1.999999910593033836e-04
1.999999910593033836e-04
1.999999910593033836e-04
1.999999910593033836e-04
2.000000469386600810e-04
2.000000096857544596e-04
2.000000096857544596e-04
2.000000096857544596e-04
2.000000096857544596e-04
2.000000096857544596e-04
2.000000096857544596e-04
2.000000096857544596e-04
2.000000096857544596e-04
2.000000283122055356e-04
1.999999910593033836e-04
1.999999910593033836e-04
1.999999910593033836e-04
1.999999910593033836e-04
1.999999910593033836e-04
1.999999910593033836e-04
1.999999910593033836e-04
1.999999910593033836e-04
4.000000845640928893e-05
4.000000100582833812e-05
4.000000845640928893e-05
4.000000249594452828e-04
4.000000100582833812e-05
4.000000100582833812e-05
4.000000100582833812e-05
4.000000100582833812e-05
4.000000100582833812e-05
4.000000100582833812e-05
1.999999966472386370e-02
3.999999355524738731e-05
4.000000063329929058e-04
3.999999355524738731e-05
4.000000100582833812e-05
4.000000473111881352e-05
3.999999355524738731e-05
4.000002335757119054e-05
4.000000100582833812e-05
4.000000845640928893e-05
3.999999355524738731e-05
4.000000845640928893e-05
4.000000100582833812e-05
4.000000845640928893e-05
4.000000249594452828e-04
4.000000100582833812e-05
4.000000100582833812e-05
4.000000100582833812e-05
4.000000100582833812e-05
4.000000100582833812e-05
4.000000100582833812e-05
3.999999355524738731e-05
3.999999355524738731e-05
4.000000100582833812e-05
4.000000063329929058e-04
4.000000473111881352e-05
4.000000100582833812e-05
3.999999355524738731e-05
4.000002335757119054e-05
4.000000845640928893e-05
3.999999355524738731e-05
2.000000283122055356e-04
1.999999910592964447e-04
1.999999910592964447e-04
1.999999910592964447e-04
2.000001400709328081e-04
1.999999910592964447e-04
1.999999910592964447e-04
2.000000655651146264e-04
2.000000283122055356e-04
2.000000469386600810e-04
1.999999910592964447e-04
1.999999538064012317e-04
1.999999538064012317e-04
1.999999538064012317e-04
1.999999538064012317e-04
1.999999538064012317e-04
1.999999538064012317e-04
1.999999538064012317e-04
1.999999538064012317e-04
1.999999910592964447e-04
1.999999538064012317e-04
1.999999538064012317e-04
1.999999538064012317e-04
1.999999538064012317e-04
1.999999538064012317e-04
1.999999538064012317e-04
1.999999538064012317e-04
1.999999538064012317e-04
1.999999910592964447e-04
1.999999538064012317e-04
1.999999538064012317e-04
1.999999538064012317e-04
1.999999538064012317e-04
1.999999538064012317e-04
1.999999538064012317e-04
1.999999538064012317e-04
1.999999538064012317e-04
2.000001400709328081e-04
2.000001028180098395e-04
2.000001028180098395e-04
2.000001028180098395e-04
2.000001028180098395e-04
2.000001028180098395e-04
2.000001028180098395e-04
2.000001028180098395e-04
2.000001028180098395e-04
1.999999910592964447e-04
1.999999538064012317e-04
1.999999538064012317e-04
1.999999538064012317e-04
1.999999538064012317e-04
1.999999538064012317e-04
1.999999538064012317e-04
1.999999538064012317e-04
1.999999538064012317e-04
1.999999910592964447e-04
1.999999538064012317e-04
1.999999538064012317e-04
1.999999538064012317e-04
1.999999538064012317e-04
1.999999538064012317e-04
1.999999538064012317e-04
1.999999538064012317e-04
1.999999538064012317e-04
2.000000655651146264e-04
2.000000283122055356e-04
2.000000283122055356e-04
2.000000283122055356e-04
2.000000283122055356e-04
2.000000283122055356e-04
2.000000283122055356e-04
2.000000283122055356e-04
2.000000283122055356e-04
2.000000283122055356e-04
1.999999910593033836e-04
1.999999910593033836e-04
1.999999910593033836e-04
1.999999910593033836e-04
1.999999910593033836e-04
1.999999910593033836e-04
1.999999910593033836e-04
1.999999910593033836e-04
2.000000469386600810e-04
2.000000096857544596e-04
2.000000096857544596e-04
2.000000096857544596e-04
2.000000096857544596e-04
2.000000096857544596e-04
2.000000096857544596e-04
2.000000096857544596e-04
2.000000096857544596e-04
2.000000283122055356e-04
1.999999910593033836e-04
1.999999910593033836e-04
1.999999910593033836e-04
1.999999910593033836e-04
1.999999910593033836e-04
1.999999910593033836e-04
1.999999910593033836e-04
1.999999910593033836e-04
4.000000100582833812e-05
1.999999966472386370e-02
3.999999355524738731e-05
4.000000100582833812e-05
3.999999355524738731e-05
1.999999910592964447e-04
2.000000283122055356e-04
2.000000469386600810e-04
2.000000283122055356e-04
2.000000655651146264e-04
1.999999910592964447e-04
1.999999910592964447e-04
2.000001400709328081e-04
1.999999910592964447e-04
1.999999910592964447e-04
2.000000283122055356e-04
1.999999910593033836e-04
1.999999910593033836e-04
1.999999910593033836e-04
1.999999910593033836e-04
1.999999910593033836e-04
1.999999910593033836e-04
1.999999910593033836e-04
1.999999910593033836e-04
2.000000469386600810e-04
2.000000096857544596e-04
2.000000096857544596e-04
2.000000096857544596e-04
2.000000096857544596e-04
2.000000096857544596e-04
2.000000096857544596e-04
2.000000096857544596e-04
2.000000096857544596e-04
2.000000283122055356e-04
1.999999910593033836e-04
1.999999910593033836e-04
1.999999910593033836e-04
1.999999910593033836e-04
1.999999910593033836e-04
1.999999910593033836e-04
1.999999910593033836e-04
1.999999910593033836e-04
2.000000655651146264e-04
2.000000283122055356e-04
2.000000283122055356e-04
2.000000283122055356e-04
2.000000283122055356e-04
2.000000283122055356e-04
2.000000283122055356e-04
2.000000283122055356e-04
2.000000283122055356e-04
1.999999910592964447e-04
1.999999538064012317e-04
1.999999538064012317e-04
1.999999538064012317e-04
1.999999538064012317e-04
1.999999538064012317e-04
1.999999538064012317e-04
1.999999538064012317e-04
1.999999538064012317e-04
1.999999910592964447e-04
1.999999538064012317e-04
1.999999538064012317e-04
1.999999538064012317e-04
1.999999538064012317e-04
1.999999538064012317e-04
1.999999538064012317e-04
1.999999538064012317e-04
1.999999538064012317e-04
2.000001400709328081e-04
2.000001028180098395e-04
2.000001028180098395e-04
2.000001028180098395e-04
2.000001028180098395e-04
2.000001028180098395e-04
2.000001028180098395e-04
2.000001028180098395e-04
2.000001028180098395e-04
1.999999910592964447e-04
1.999999538064012317e-04
1.999999538064012317e-04
1.999999538064012317e-04
1.999999538064012317e-04
1.999999538064012317e-04
1.999999538064012317e-04
1.999999538064012317e-04
1.999999538064012317e-04
1.999999910592964447e-04
1.999999538064012317e-04
1.999999538064012317e-04
1.999999538064012317e-04
1.999999538064012317e-04
1.999999538064012317e-04
1.999999538064012317e-04
1.999999538064012317e-04
1.999999538064012317e-04
1.999999910592964447e-04
1.999999538064012317e-04
1.999999538064012317e-04
1.999999538064012317e-04
1.999999538064012317e-04
1.999999538064012317e-04
1.999999538064012317e-04
1.999999538064012317e-04
1.999999538064012317e-04
4.000000845640928893e-05
4.000000100582833812e-05
4.000000845640928893e-05
4.000000249594452828e-04
4.000000100582833812e-05
4.000000100582833812e-05
4.000000100582833812e-05
4.000000100582833812e-05
4.000000100582833812e-05
4.000000100582833812e-05
1.999999966472386370e-02
4.000000100582833812e-05
4.000000063329929058e-04
4.000000473111881352e-05
3.999999355524738731e-05
3.999999355524738731e-05
4.000000100582833812e-05
4.000000845640928893e-05
3.999999355524738731e-05
4.000002335757119054e-05
3.999999355524738731e-05
4.000000845640928893e-05
4.000000100582833812e-05
4.000000845640928893e-05
4.000000249594452828e-04
4.000000100582833812e-05
4.000000100582833812e-05
4.000000100582833812e-05
4.000000100582833812e-05
4.000000100582833812e-05
4.000000100582833812e-05
4.000000100582833812e-05
4.000000473111881352e-05
3.999999355524738731e-05
4.000000063329929058e-04
3.999999355524738731e-05
3.999999355524738731e-05
4.000000100582833812e-05
4.000000845640928893e-05
4.000002335757119054e-05
3.999999355524738731e-05
1.999999910592964447e-04
2.000000283122055356e-04
2.000000469386600810e-04
2.000000283122055356e-04
2.000000655651146264e-04
1.999999910592964447e-04
1.999999910592964447e-04
2.000001400709328081e-04
1.999999910592964447e-04
1.999999910592964447e-04
2.000000283122055356e-04
1.999999910593033836e-04
1.999999910593033836e-04
1.999999910593033836e-04
1.999999910593033836e-04
1.999999910593033836e-04
1.999999910593033836e-04
1.999999910593033836e-04
1.999999910593033836e-04
2.000000469386600810e-04
2.000000096857544596e-04
2.000000096857544596e-04
2.000000096857544596e-04
2.000000096857544596e-04
2.000000096857544596e-04
2.000000096857544596e-04
2.000000096857544596e-04
2.000000096857544596e-04
2.000000283122055356e-04
1.999999910593033836e-04
1.999999910593033836e-04
1.999999910593033836e-04
1.999999910593033836e-04
1.999999910593033836e-04
1.999999910593033836e-04
1.999999910593033836e-04
1.999999910593033836e-04
2.000000655651146264e-04
2.000000283122055356e-04
2.000000283122055356e-04
2.000000283122055356e-04
2.000000283122055356e-04
2.000000283122055356e-04
2.000000283122055356e-04
2.000000283122055356e-04
2.000000283122055356e-04
1.999999910592964447e-04
1.999999538064012317e-04
1.999999538064012317e-04
1.999999538064012317e-04
1.999999538064012317e-04
1.999999538064012317e-04
1.999999538064012317e-04
1.999999538064012317e-04
1.999999538064012317e-04
1.999999910592964447e-04
1.999999538064012317e-04
1.999999538064012317e-04
1.999999538064012317e-04
1.999999538064012317e-04
1.999999538064012317e-04
1.999999538064012317e-04
1.999999538064012317e-04
1.999999538064012317e-04
2.000001400709328081e-04
2.000001028180098395e-04
2.000001028180098395e-04
2.000001028180098395e-04
2.000001028180098395e-04
2.000001028180098395e-04
2.000001028180098395e-04
2.000001028180098395e-04
2.000001028180098395e-04
1.999999910592964447e-04
1.999999538064012317e-04
1.999999538064012317e-04
1.999999538064012317e-04
1.999999538064012317e-04
1.999999538064012317e-04
1.999999538064012317e-04
1.999999538064012317e-04
1.999999538064012317e-04
1.999999910592964447e-04
1.999999538064012317e-04
1.999999538064012317e-04
1.999999538064012317e-04
1.999999538064012317e-04
1.999999538064012317e-04
1.999999538064012317e-04
1.999999538064012317e-04
1.999999538064012317e-04
1.999999910592964447e-04
1.999999538064012317e-04
1.999999538064012317e-04
1.999999538064012317e-04
1.999999538064012317e-04
1.999999538064012317e-04
1.999999538064012317e-04
1.999999538064012317e-04
1.999999538064012317e-04
